2D square lattice
  1
  9
 1  1  1  1  1  1  1  1  1
   -1   -1    0    1    1  0.00000000  0.00000000
   -1    0    0    1    1 -0.10000000  0.00000000
   -1    1    0    1    1  0.00000000  0.00000000
    0   -1    0    1    1 -0.10000000  0.00000000
    0    0    0    1    1 -0.50000000  0.00000000
    0    1    0    1    1 -0.10000000  0.00000000
    1   -1    0    1    1  0.00000000  0.00000000
    1    0    0    1    1 -0.10000000  0.00000000
    1    1    0    1    1  0.00000000  0.00000000
